{
 "cells": [
  {
   "cell_type": "code",
   "execution_count": 21,
   "id": "be2d3e0f",
   "metadata": {},
   "outputs": [],
   "source": [
    "import pandas as pd\n",
    "import numpy as np\n",
    "from sklearn.model_selection import train_test_split"
   ]
  },
  {
   "cell_type": "code",
   "execution_count": 22,
   "id": "b66e2f5a",
   "metadata": {},
   "outputs": [],
   "source": [
    "housing = pd.read_csv(\"housing_price.csv\")"
   ]
  },
  {
   "cell_type": "code",
   "execution_count": 23,
   "id": "3e144592",
   "metadata": {},
   "outputs": [
    {
     "name": "stdout",
     "output_type": "stream",
     "text": [
      "<class 'pandas.core.frame.DataFrame'>\n",
      "RangeIndex: 506 entries, 0 to 505\n",
      "Data columns (total 14 columns):\n",
      " #   Column   Non-Null Count  Dtype  \n",
      "---  ------   --------------  -----  \n",
      " 0   CRIM     506 non-null    float64\n",
      " 1   ZN       506 non-null    float64\n",
      " 2   INDUS    506 non-null    float64\n",
      " 3   CHAS     506 non-null    int64  \n",
      " 4   NOX      506 non-null    float64\n",
      " 5   RM       506 non-null    float64\n",
      " 6   AGE      506 non-null    float64\n",
      " 7   DIS      506 non-null    float64\n",
      " 8   RAD      506 non-null    int64  \n",
      " 9   TAX      506 non-null    int64  \n",
      " 10  PTRATIO  506 non-null    float64\n",
      " 11  B        506 non-null    float64\n",
      " 12  LSTAT    506 non-null    float64\n",
      " 13  MEDV     506 non-null    float64\n",
      "dtypes: float64(11), int64(3)\n",
      "memory usage: 55.5 KB\n"
     ]
    }
   ],
   "source": [
    "housing.info()"
   ]
  },
  {
   "cell_type": "code",
   "execution_count": 24,
   "id": "2d8dfd28",
   "metadata": {},
   "outputs": [
    {
     "data": {
      "text/html": [
       "<div>\n",
       "<style scoped>\n",
       "    .dataframe tbody tr th:only-of-type {\n",
       "        vertical-align: middle;\n",
       "    }\n",
       "\n",
       "    .dataframe tbody tr th {\n",
       "        vertical-align: top;\n",
       "    }\n",
       "\n",
       "    .dataframe thead th {\n",
       "        text-align: right;\n",
       "    }\n",
       "</style>\n",
       "<table border=\"1\" class=\"dataframe\">\n",
       "  <thead>\n",
       "    <tr style=\"text-align: right;\">\n",
       "      <th></th>\n",
       "      <th>CRIM</th>\n",
       "      <th>ZN</th>\n",
       "      <th>INDUS</th>\n",
       "      <th>CHAS</th>\n",
       "      <th>NOX</th>\n",
       "      <th>RM</th>\n",
       "      <th>AGE</th>\n",
       "      <th>DIS</th>\n",
       "      <th>RAD</th>\n",
       "      <th>TAX</th>\n",
       "      <th>PTRATIO</th>\n",
       "      <th>B</th>\n",
       "      <th>LSTAT</th>\n",
       "      <th>MEDV</th>\n",
       "    </tr>\n",
       "  </thead>\n",
       "  <tbody>\n",
       "    <tr>\n",
       "      <th>0</th>\n",
       "      <td>0.00632</td>\n",
       "      <td>18.0</td>\n",
       "      <td>2.31</td>\n",
       "      <td>0</td>\n",
       "      <td>0.538</td>\n",
       "      <td>6.575</td>\n",
       "      <td>65.2</td>\n",
       "      <td>4.0900</td>\n",
       "      <td>1</td>\n",
       "      <td>296</td>\n",
       "      <td>15.3</td>\n",
       "      <td>396.90</td>\n",
       "      <td>4.98</td>\n",
       "      <td>24.0</td>\n",
       "    </tr>\n",
       "    <tr>\n",
       "      <th>1</th>\n",
       "      <td>0.02731</td>\n",
       "      <td>0.0</td>\n",
       "      <td>7.07</td>\n",
       "      <td>0</td>\n",
       "      <td>0.469</td>\n",
       "      <td>6.421</td>\n",
       "      <td>78.9</td>\n",
       "      <td>4.9671</td>\n",
       "      <td>2</td>\n",
       "      <td>242</td>\n",
       "      <td>17.8</td>\n",
       "      <td>396.90</td>\n",
       "      <td>9.14</td>\n",
       "      <td>21.6</td>\n",
       "    </tr>\n",
       "    <tr>\n",
       "      <th>2</th>\n",
       "      <td>0.02729</td>\n",
       "      <td>0.0</td>\n",
       "      <td>7.07</td>\n",
       "      <td>0</td>\n",
       "      <td>0.469</td>\n",
       "      <td>7.185</td>\n",
       "      <td>61.1</td>\n",
       "      <td>4.9671</td>\n",
       "      <td>2</td>\n",
       "      <td>242</td>\n",
       "      <td>17.8</td>\n",
       "      <td>392.83</td>\n",
       "      <td>4.03</td>\n",
       "      <td>34.7</td>\n",
       "    </tr>\n",
       "    <tr>\n",
       "      <th>3</th>\n",
       "      <td>0.03237</td>\n",
       "      <td>0.0</td>\n",
       "      <td>2.18</td>\n",
       "      <td>0</td>\n",
       "      <td>0.458</td>\n",
       "      <td>6.998</td>\n",
       "      <td>45.8</td>\n",
       "      <td>6.0622</td>\n",
       "      <td>3</td>\n",
       "      <td>222</td>\n",
       "      <td>18.7</td>\n",
       "      <td>394.63</td>\n",
       "      <td>2.94</td>\n",
       "      <td>33.4</td>\n",
       "    </tr>\n",
       "    <tr>\n",
       "      <th>4</th>\n",
       "      <td>0.06905</td>\n",
       "      <td>0.0</td>\n",
       "      <td>2.18</td>\n",
       "      <td>0</td>\n",
       "      <td>0.458</td>\n",
       "      <td>7.147</td>\n",
       "      <td>54.2</td>\n",
       "      <td>6.0622</td>\n",
       "      <td>3</td>\n",
       "      <td>222</td>\n",
       "      <td>18.7</td>\n",
       "      <td>396.90</td>\n",
       "      <td>5.33</td>\n",
       "      <td>36.2</td>\n",
       "    </tr>\n",
       "  </tbody>\n",
       "</table>\n",
       "</div>"
      ],
      "text/plain": [
       "      CRIM    ZN  INDUS  CHAS    NOX     RM   AGE     DIS  RAD  TAX  PTRATIO  \\\n",
       "0  0.00632  18.0   2.31     0  0.538  6.575  65.2  4.0900    1  296     15.3   \n",
       "1  0.02731   0.0   7.07     0  0.469  6.421  78.9  4.9671    2  242     17.8   \n",
       "2  0.02729   0.0   7.07     0  0.469  7.185  61.1  4.9671    2  242     17.8   \n",
       "3  0.03237   0.0   2.18     0  0.458  6.998  45.8  6.0622    3  222     18.7   \n",
       "4  0.06905   0.0   2.18     0  0.458  7.147  54.2  6.0622    3  222     18.7   \n",
       "\n",
       "        B  LSTAT  MEDV  \n",
       "0  396.90   4.98  24.0  \n",
       "1  396.90   9.14  21.6  \n",
       "2  392.83   4.03  34.7  \n",
       "3  394.63   2.94  33.4  \n",
       "4  396.90   5.33  36.2  "
      ]
     },
     "execution_count": 24,
     "metadata": {},
     "output_type": "execute_result"
    }
   ],
   "source": [
    "housing.head()"
   ]
  },
  {
   "cell_type": "code",
   "execution_count": 4,
   "id": "f45de0e4",
   "metadata": {},
   "outputs": [],
   "source": [
    "# def split_train_test(data, test_ratio):\n",
    "#     np.random.seed(42)\n",
    "#     shuffled = np.random.permutation(len(data))\n",
    "#     test_set_size = int(len(data) * test_ratio)\n",
    "#     test_indices = shuffled[:test_set_size]\n",
    "#     train_indices = shuffled[test_set_size:]\n",
    "#     return data.iloc[train_indices], data.iloc[test_indices]"
   ]
  },
  {
   "cell_type": "code",
   "execution_count": 5,
   "id": "277db089",
   "metadata": {},
   "outputs": [],
   "source": [
    "# train_set, test_set = split_train_test(housing, 0.2)"
   ]
  },
  {
   "cell_type": "code",
   "execution_count": 6,
   "id": "2b92bae4",
   "metadata": {},
   "outputs": [],
   "source": [
    "# train_set"
   ]
  },
  {
   "cell_type": "code",
   "execution_count": 32,
   "id": "df11aa57",
   "metadata": {},
   "outputs": [],
   "source": [
    "train_set, test_set = train_test_split(housing, test_size=0.2, random_state=42)"
   ]
  },
  {
   "cell_type": "code",
   "execution_count": 8,
   "id": "72e5222a",
   "metadata": {},
   "outputs": [],
   "source": [
    "print(\"no. of train set: \", len(train_set))\n",
    "print(\"no. of test set: \", len(test_set))"
   ]
  },
  {
   "cell_type": "code",
   "execution_count": 9,
   "id": "9a583ec1",
   "metadata": {
    "scrolled": true
   },
   "outputs": [],
   "source": [
    "train_set['CHAS'].value_counts()"
   ]
  },
  {
   "cell_type": "code",
   "execution_count": 10,
   "id": "f2190f4c",
   "metadata": {},
   "outputs": [],
   "source": [
    "test_set['CHAS'].value_counts()"
   ]
  },
  {
   "cell_type": "code",
   "execution_count": 35,
   "id": "594b7899",
   "metadata": {},
   "outputs": [
    {
     "data": {
      "text/html": [
       "<div>\n",
       "<style scoped>\n",
       "    .dataframe tbody tr th:only-of-type {\n",
       "        vertical-align: middle;\n",
       "    }\n",
       "\n",
       "    .dataframe tbody tr th {\n",
       "        vertical-align: top;\n",
       "    }\n",
       "\n",
       "    .dataframe thead th {\n",
       "        text-align: right;\n",
       "    }\n",
       "</style>\n",
       "<table border=\"1\" class=\"dataframe\">\n",
       "  <thead>\n",
       "    <tr style=\"text-align: right;\">\n",
       "      <th></th>\n",
       "      <th>CRIM</th>\n",
       "      <th>ZN</th>\n",
       "      <th>INDUS</th>\n",
       "      <th>CHAS</th>\n",
       "      <th>NOX</th>\n",
       "      <th>RM</th>\n",
       "      <th>AGE</th>\n",
       "      <th>DIS</th>\n",
       "      <th>RAD</th>\n",
       "      <th>TAX</th>\n",
       "      <th>PTRATIO</th>\n",
       "      <th>B</th>\n",
       "      <th>LSTAT</th>\n",
       "      <th>MEDV</th>\n",
       "    </tr>\n",
       "  </thead>\n",
       "  <tbody>\n",
       "    <tr>\n",
       "      <th>CRIM</th>\n",
       "      <td>1.000000</td>\n",
       "      <td>-0.200469</td>\n",
       "      <td>0.406583</td>\n",
       "      <td>-0.055892</td>\n",
       "      <td>0.420972</td>\n",
       "      <td>-0.219247</td>\n",
       "      <td>0.352734</td>\n",
       "      <td>-0.379670</td>\n",
       "      <td>0.625505</td>\n",
       "      <td>0.582764</td>\n",
       "      <td>0.289946</td>\n",
       "      <td>-0.385064</td>\n",
       "      <td>0.455621</td>\n",
       "      <td>-0.388305</td>\n",
       "    </tr>\n",
       "    <tr>\n",
       "      <th>ZN</th>\n",
       "      <td>-0.200469</td>\n",
       "      <td>1.000000</td>\n",
       "      <td>-0.533828</td>\n",
       "      <td>-0.042697</td>\n",
       "      <td>-0.516604</td>\n",
       "      <td>0.311991</td>\n",
       "      <td>-0.569537</td>\n",
       "      <td>0.664408</td>\n",
       "      <td>-0.311948</td>\n",
       "      <td>-0.314563</td>\n",
       "      <td>-0.391679</td>\n",
       "      <td>0.175520</td>\n",
       "      <td>-0.412995</td>\n",
       "      <td>0.360445</td>\n",
       "    </tr>\n",
       "    <tr>\n",
       "      <th>INDUS</th>\n",
       "      <td>0.406583</td>\n",
       "      <td>-0.533828</td>\n",
       "      <td>1.000000</td>\n",
       "      <td>0.062938</td>\n",
       "      <td>0.763651</td>\n",
       "      <td>-0.391676</td>\n",
       "      <td>0.644779</td>\n",
       "      <td>-0.708027</td>\n",
       "      <td>0.595129</td>\n",
       "      <td>0.720760</td>\n",
       "      <td>0.383248</td>\n",
       "      <td>-0.356977</td>\n",
       "      <td>0.603800</td>\n",
       "      <td>-0.483725</td>\n",
       "    </tr>\n",
       "    <tr>\n",
       "      <th>CHAS</th>\n",
       "      <td>-0.055892</td>\n",
       "      <td>-0.042697</td>\n",
       "      <td>0.062938</td>\n",
       "      <td>1.000000</td>\n",
       "      <td>0.091203</td>\n",
       "      <td>0.091251</td>\n",
       "      <td>0.086518</td>\n",
       "      <td>-0.099176</td>\n",
       "      <td>-0.007368</td>\n",
       "      <td>-0.035587</td>\n",
       "      <td>-0.121515</td>\n",
       "      <td>0.048788</td>\n",
       "      <td>-0.053929</td>\n",
       "      <td>0.175260</td>\n",
       "    </tr>\n",
       "    <tr>\n",
       "      <th>NOX</th>\n",
       "      <td>0.420972</td>\n",
       "      <td>-0.516604</td>\n",
       "      <td>0.763651</td>\n",
       "      <td>0.091203</td>\n",
       "      <td>1.000000</td>\n",
       "      <td>-0.302188</td>\n",
       "      <td>0.731470</td>\n",
       "      <td>-0.769230</td>\n",
       "      <td>0.611441</td>\n",
       "      <td>0.668023</td>\n",
       "      <td>0.188933</td>\n",
       "      <td>-0.380051</td>\n",
       "      <td>0.590879</td>\n",
       "      <td>-0.427321</td>\n",
       "    </tr>\n",
       "    <tr>\n",
       "      <th>RM</th>\n",
       "      <td>-0.219247</td>\n",
       "      <td>0.311991</td>\n",
       "      <td>-0.391676</td>\n",
       "      <td>0.091251</td>\n",
       "      <td>-0.302188</td>\n",
       "      <td>1.000000</td>\n",
       "      <td>-0.240265</td>\n",
       "      <td>0.205246</td>\n",
       "      <td>-0.209847</td>\n",
       "      <td>-0.292048</td>\n",
       "      <td>-0.355501</td>\n",
       "      <td>0.128069</td>\n",
       "      <td>-0.613808</td>\n",
       "      <td>0.695360</td>\n",
       "    </tr>\n",
       "    <tr>\n",
       "      <th>AGE</th>\n",
       "      <td>0.352734</td>\n",
       "      <td>-0.569537</td>\n",
       "      <td>0.644779</td>\n",
       "      <td>0.086518</td>\n",
       "      <td>0.731470</td>\n",
       "      <td>-0.240265</td>\n",
       "      <td>1.000000</td>\n",
       "      <td>-0.747881</td>\n",
       "      <td>0.456022</td>\n",
       "      <td>0.506456</td>\n",
       "      <td>0.261515</td>\n",
       "      <td>-0.273534</td>\n",
       "      <td>0.602339</td>\n",
       "      <td>-0.376955</td>\n",
       "    </tr>\n",
       "    <tr>\n",
       "      <th>DIS</th>\n",
       "      <td>-0.379670</td>\n",
       "      <td>0.664408</td>\n",
       "      <td>-0.708027</td>\n",
       "      <td>-0.099176</td>\n",
       "      <td>-0.769230</td>\n",
       "      <td>0.205246</td>\n",
       "      <td>-0.747881</td>\n",
       "      <td>1.000000</td>\n",
       "      <td>-0.494588</td>\n",
       "      <td>-0.534432</td>\n",
       "      <td>-0.232471</td>\n",
       "      <td>0.291512</td>\n",
       "      <td>-0.496996</td>\n",
       "      <td>0.249929</td>\n",
       "    </tr>\n",
       "    <tr>\n",
       "      <th>RAD</th>\n",
       "      <td>0.625505</td>\n",
       "      <td>-0.311948</td>\n",
       "      <td>0.595129</td>\n",
       "      <td>-0.007368</td>\n",
       "      <td>0.611441</td>\n",
       "      <td>-0.209847</td>\n",
       "      <td>0.456022</td>\n",
       "      <td>-0.494588</td>\n",
       "      <td>1.000000</td>\n",
       "      <td>0.910228</td>\n",
       "      <td>0.464741</td>\n",
       "      <td>-0.444413</td>\n",
       "      <td>0.488676</td>\n",
       "      <td>-0.381626</td>\n",
       "    </tr>\n",
       "    <tr>\n",
       "      <th>TAX</th>\n",
       "      <td>0.582764</td>\n",
       "      <td>-0.314563</td>\n",
       "      <td>0.720760</td>\n",
       "      <td>-0.035587</td>\n",
       "      <td>0.668023</td>\n",
       "      <td>-0.292048</td>\n",
       "      <td>0.506456</td>\n",
       "      <td>-0.534432</td>\n",
       "      <td>0.910228</td>\n",
       "      <td>1.000000</td>\n",
       "      <td>0.460853</td>\n",
       "      <td>-0.441808</td>\n",
       "      <td>0.543993</td>\n",
       "      <td>-0.468536</td>\n",
       "    </tr>\n",
       "    <tr>\n",
       "      <th>PTRATIO</th>\n",
       "      <td>0.289946</td>\n",
       "      <td>-0.391679</td>\n",
       "      <td>0.383248</td>\n",
       "      <td>-0.121515</td>\n",
       "      <td>0.188933</td>\n",
       "      <td>-0.355501</td>\n",
       "      <td>0.261515</td>\n",
       "      <td>-0.232471</td>\n",
       "      <td>0.464741</td>\n",
       "      <td>0.460853</td>\n",
       "      <td>1.000000</td>\n",
       "      <td>-0.177383</td>\n",
       "      <td>0.374044</td>\n",
       "      <td>-0.507787</td>\n",
       "    </tr>\n",
       "    <tr>\n",
       "      <th>B</th>\n",
       "      <td>-0.385064</td>\n",
       "      <td>0.175520</td>\n",
       "      <td>-0.356977</td>\n",
       "      <td>0.048788</td>\n",
       "      <td>-0.380051</td>\n",
       "      <td>0.128069</td>\n",
       "      <td>-0.273534</td>\n",
       "      <td>0.291512</td>\n",
       "      <td>-0.444413</td>\n",
       "      <td>-0.441808</td>\n",
       "      <td>-0.177383</td>\n",
       "      <td>1.000000</td>\n",
       "      <td>-0.366087</td>\n",
       "      <td>0.333461</td>\n",
       "    </tr>\n",
       "    <tr>\n",
       "      <th>LSTAT</th>\n",
       "      <td>0.455621</td>\n",
       "      <td>-0.412995</td>\n",
       "      <td>0.603800</td>\n",
       "      <td>-0.053929</td>\n",
       "      <td>0.590879</td>\n",
       "      <td>-0.613808</td>\n",
       "      <td>0.602339</td>\n",
       "      <td>-0.496996</td>\n",
       "      <td>0.488676</td>\n",
       "      <td>0.543993</td>\n",
       "      <td>0.374044</td>\n",
       "      <td>-0.366087</td>\n",
       "      <td>1.000000</td>\n",
       "      <td>-0.737663</td>\n",
       "    </tr>\n",
       "    <tr>\n",
       "      <th>MEDV</th>\n",
       "      <td>-0.388305</td>\n",
       "      <td>0.360445</td>\n",
       "      <td>-0.483725</td>\n",
       "      <td>0.175260</td>\n",
       "      <td>-0.427321</td>\n",
       "      <td>0.695360</td>\n",
       "      <td>-0.376955</td>\n",
       "      <td>0.249929</td>\n",
       "      <td>-0.381626</td>\n",
       "      <td>-0.468536</td>\n",
       "      <td>-0.507787</td>\n",
       "      <td>0.333461</td>\n",
       "      <td>-0.737663</td>\n",
       "      <td>1.000000</td>\n",
       "    </tr>\n",
       "  </tbody>\n",
       "</table>\n",
       "</div>"
      ],
      "text/plain": [
       "             CRIM        ZN     INDUS      CHAS       NOX        RM       AGE  \\\n",
       "CRIM     1.000000 -0.200469  0.406583 -0.055892  0.420972 -0.219247  0.352734   \n",
       "ZN      -0.200469  1.000000 -0.533828 -0.042697 -0.516604  0.311991 -0.569537   \n",
       "INDUS    0.406583 -0.533828  1.000000  0.062938  0.763651 -0.391676  0.644779   \n",
       "CHAS    -0.055892 -0.042697  0.062938  1.000000  0.091203  0.091251  0.086518   \n",
       "NOX      0.420972 -0.516604  0.763651  0.091203  1.000000 -0.302188  0.731470   \n",
       "RM      -0.219247  0.311991 -0.391676  0.091251 -0.302188  1.000000 -0.240265   \n",
       "AGE      0.352734 -0.569537  0.644779  0.086518  0.731470 -0.240265  1.000000   \n",
       "DIS     -0.379670  0.664408 -0.708027 -0.099176 -0.769230  0.205246 -0.747881   \n",
       "RAD      0.625505 -0.311948  0.595129 -0.007368  0.611441 -0.209847  0.456022   \n",
       "TAX      0.582764 -0.314563  0.720760 -0.035587  0.668023 -0.292048  0.506456   \n",
       "PTRATIO  0.289946 -0.391679  0.383248 -0.121515  0.188933 -0.355501  0.261515   \n",
       "B       -0.385064  0.175520 -0.356977  0.048788 -0.380051  0.128069 -0.273534   \n",
       "LSTAT    0.455621 -0.412995  0.603800 -0.053929  0.590879 -0.613808  0.602339   \n",
       "MEDV    -0.388305  0.360445 -0.483725  0.175260 -0.427321  0.695360 -0.376955   \n",
       "\n",
       "              DIS       RAD       TAX   PTRATIO         B     LSTAT      MEDV  \n",
       "CRIM    -0.379670  0.625505  0.582764  0.289946 -0.385064  0.455621 -0.388305  \n",
       "ZN       0.664408 -0.311948 -0.314563 -0.391679  0.175520 -0.412995  0.360445  \n",
       "INDUS   -0.708027  0.595129  0.720760  0.383248 -0.356977  0.603800 -0.483725  \n",
       "CHAS    -0.099176 -0.007368 -0.035587 -0.121515  0.048788 -0.053929  0.175260  \n",
       "NOX     -0.769230  0.611441  0.668023  0.188933 -0.380051  0.590879 -0.427321  \n",
       "RM       0.205246 -0.209847 -0.292048 -0.355501  0.128069 -0.613808  0.695360  \n",
       "AGE     -0.747881  0.456022  0.506456  0.261515 -0.273534  0.602339 -0.376955  \n",
       "DIS      1.000000 -0.494588 -0.534432 -0.232471  0.291512 -0.496996  0.249929  \n",
       "RAD     -0.494588  1.000000  0.910228  0.464741 -0.444413  0.488676 -0.381626  \n",
       "TAX     -0.534432  0.910228  1.000000  0.460853 -0.441808  0.543993 -0.468536  \n",
       "PTRATIO -0.232471  0.464741  0.460853  1.000000 -0.177383  0.374044 -0.507787  \n",
       "B        0.291512 -0.444413 -0.441808 -0.177383  1.000000 -0.366087  0.333461  \n",
       "LSTAT   -0.496996  0.488676  0.543993  0.374044 -0.366087  1.000000 -0.737663  \n",
       "MEDV     0.249929 -0.381626 -0.468536 -0.507787  0.333461 -0.737663  1.000000  "
      ]
     },
     "execution_count": 35,
     "metadata": {},
     "output_type": "execute_result"
    }
   ],
   "source": [
    "corr_matrix = housing.corr()\n",
    "corr_matrix"
   ]
  },
  {
   "cell_type": "code",
   "execution_count": 34,
   "id": "af11a38c",
   "metadata": {},
   "outputs": [
    {
     "data": {
      "text/plain": [
       "MEDV       1.000000\n",
       "RM         0.695360\n",
       "ZN         0.360445\n",
       "B          0.333461\n",
       "DIS        0.249929\n",
       "CHAS       0.175260\n",
       "AGE       -0.376955\n",
       "RAD       -0.381626\n",
       "CRIM      -0.388305\n",
       "NOX       -0.427321\n",
       "TAX       -0.468536\n",
       "INDUS     -0.483725\n",
       "PTRATIO   -0.507787\n",
       "LSTAT     -0.737663\n",
       "Name: MEDV, dtype: float64"
      ]
     },
     "execution_count": 34,
     "metadata": {},
     "output_type": "execute_result"
    }
   ],
   "source": [
    "corr_matrix['MEDV'].sort_values(ascending=False)"
   ]
  },
  {
   "cell_type": "markdown",
   "id": "7b30c539",
   "metadata": {},
   "source": [
    "# Stratified Sampling"
   ]
  },
  {
   "cell_type": "code",
   "execution_count": 25,
   "id": "2cf31e6e",
   "metadata": {},
   "outputs": [],
   "source": [
    "from sklearn.model_selection import StratifiedShuffleSplit"
   ]
  },
  {
   "cell_type": "code",
   "execution_count": 26,
   "id": "1dd26632",
   "metadata": {},
   "outputs": [],
   "source": [
    "split = StratifiedShuffleSplit(n_splits=1, test_size=0.2, random_state=42)"
   ]
  },
  {
   "cell_type": "code",
   "execution_count": 27,
   "id": "81056bff",
   "metadata": {},
   "outputs": [],
   "source": [
    "for train_index, test_index in split.split(housing, housing['CHAS']):\n",
    "    strat_train_set = housing.loc[train_index]\n",
    "    strat_test_set = housing.loc[test_index]    "
   ]
  },
  {
   "cell_type": "code",
   "execution_count": 12,
   "id": "9ff031ce",
   "metadata": {},
   "outputs": [],
   "source": [
    "# housing = strat_train_set.drop(\"MEDV\", axis=1)\n",
    "# housing_labels = strat_train_set[\"MEDV\"].copy()"
   ]
  },
  {
   "cell_type": "code",
   "execution_count": 28,
   "id": "c858d260",
   "metadata": {
    "scrolled": true
   },
   "outputs": [
    {
     "data": {
      "text/plain": [
       "0    376\n",
       "1     28\n",
       "Name: CHAS, dtype: int64"
      ]
     },
     "execution_count": 28,
     "metadata": {},
     "output_type": "execute_result"
    }
   ],
   "source": [
    "strat_train_set[\"CHAS\"].value_counts()"
   ]
  },
  {
   "cell_type": "code",
   "execution_count": 29,
   "id": "d1fe1fd5",
   "metadata": {},
   "outputs": [
    {
     "data": {
      "text/plain": [
       "0    95\n",
       "1     7\n",
       "Name: CHAS, dtype: int64"
      ]
     },
     "execution_count": 29,
     "metadata": {},
     "output_type": "execute_result"
    }
   ],
   "source": [
    "strat_test_set[\"CHAS\"].value_counts()"
   ]
  },
  {
   "cell_type": "code",
   "execution_count": 30,
   "id": "ad8c615e",
   "metadata": {},
   "outputs": [],
   "source": [
    "corr_matrix = housing.corr() "
   ]
  },
  {
   "cell_type": "code",
   "execution_count": 31,
   "id": "033afe9f",
   "metadata": {
    "scrolled": true
   },
   "outputs": [
    {
     "data": {
      "text/plain": [
       "MEDV       1.000000\n",
       "RM         0.695360\n",
       "ZN         0.360445\n",
       "B          0.333461\n",
       "DIS        0.249929\n",
       "CHAS       0.175260\n",
       "AGE       -0.376955\n",
       "RAD       -0.381626\n",
       "CRIM      -0.388305\n",
       "NOX       -0.427321\n",
       "TAX       -0.468536\n",
       "INDUS     -0.483725\n",
       "PTRATIO   -0.507787\n",
       "LSTAT     -0.737663\n",
       "Name: MEDV, dtype: float64"
      ]
     },
     "execution_count": 31,
     "metadata": {},
     "output_type": "execute_result"
    }
   ],
   "source": [
    "corr_matrix['MEDV'].sort_values(ascending=False)"
   ]
  },
  {
   "cell_type": "markdown",
   "id": "daab4a4c",
   "metadata": {},
   "source": [
    "# INFORMATION UNDERSTANDING AND ANALIZING"
   ]
  },
  {
   "cell_type": "code",
   "execution_count": 19,
   "id": "c8ebb13d",
   "metadata": {},
   "outputs": [],
   "source": [
    "from pandas.plotting import scatter_matrix"
   ]
  },
  {
   "cell_type": "code",
   "execution_count": 20,
   "id": "545a490a",
   "metadata": {},
   "outputs": [],
   "source": [
    "# attributes = [\"MEDV\", \"RM\", \"ZN\", \"LSTAT\" ] "
   ]
  },
  {
   "cell_type": "code",
   "execution_count": 21,
   "id": "e91eaa82",
   "metadata": {},
   "outputs": [],
   "source": [
    "# scatter_matrix(housing[attributes], figsize=(12,8))"
   ]
  },
  {
   "cell_type": "code",
   "execution_count": 22,
   "id": "720c6dee",
   "metadata": {},
   "outputs": [],
   "source": [
    "# housing.plot(kind=\"scatter\", x=\"RM\", y=\"MEDV\", alpha=0.5)"
   ]
  },
  {
   "cell_type": "markdown",
   "id": "8f275fc1",
   "metadata": {},
   "source": [
    "# Creating a pipeline"
   ]
  },
  {
   "cell_type": "code",
   "execution_count": 23,
   "id": "a4e868e8",
   "metadata": {},
   "outputs": [],
   "source": [
    "from sklearn.pipeline import Pipeline\n",
    "from sklearn.preprocessing import StandardScaler\n",
    "from sklearn.impute import SimpleImputer"
   ]
  },
  {
   "cell_type": "code",
   "execution_count": 24,
   "id": "f96df245",
   "metadata": {},
   "outputs": [],
   "source": [
    "my_pipeline = Pipeline([\n",
    "    (\"imputer\", SimpleImputer(strategy=\"median\")),\n",
    "    (\"std_scaler\", StandardScaler()),\n",
    "])"
   ]
  },
  {
   "cell_type": "code",
   "execution_count": 25,
   "id": "73fb2e18",
   "metadata": {},
   "outputs": [],
   "source": [
    "housing_num_tr = my_pipeline.fit_transform(housing)"
   ]
  },
  {
   "cell_type": "code",
   "execution_count": 26,
   "id": "4399cb09",
   "metadata": {},
   "outputs": [
    {
     "data": {
      "text/plain": [
       "array([[-0.43942006,  3.12628155, -1.12165014, ..., -0.97491834,\n",
       "         0.41164221, -0.86091034],\n",
       "       [-0.44352175,  3.12628155, -1.35893781, ..., -0.69277865,\n",
       "         0.39131918, -0.94116739],\n",
       "       [ 0.15682292, -0.4898311 ,  0.98336806, ...,  0.81196637,\n",
       "         0.44624347,  0.81480158],\n",
       "       ...,\n",
       "       [-0.43525657, -0.4898311 , -1.23083158, ..., -0.22254583,\n",
       "         0.41831233, -1.27603303],\n",
       "       [ 0.14210728, -0.4898311 ,  0.98336806, ...,  0.81196637,\n",
       "        -3.15239177,  0.73869575],\n",
       "       [-0.43974024, -0.4898311 ,  0.37049623, ..., -0.97491834,\n",
       "         0.41070422,  0.09940681]])"
      ]
     },
     "execution_count": 26,
     "metadata": {},
     "output_type": "execute_result"
    }
   ],
   "source": [
    "housing_num_tr"
   ]
  },
  {
   "cell_type": "markdown",
   "id": "d34d07c2",
   "metadata": {},
   "source": [
    "# Selecting desired model"
   ]
  },
  {
   "cell_type": "code",
   "execution_count": 27,
   "id": "ecfd0ac8",
   "metadata": {},
   "outputs": [],
   "source": [
    "from sklearn.linear_model import LinearRegression\n",
    "from sklearn.tree import DecisionTreeRegressor\n",
    "from sklearn.ensemble import RandomForestRegressor"
   ]
  },
  {
   "cell_type": "code",
   "execution_count": 28,
   "id": "5dc212cb",
   "metadata": {},
   "outputs": [
    {
     "data": {
      "text/plain": [
       "RandomForestRegressor()"
      ]
     },
     "execution_count": 28,
     "metadata": {},
     "output_type": "execute_result"
    }
   ],
   "source": [
    "model = RandomForestRegressor()\n",
    "model.fit(housing_num_tr, housing_labels)"
   ]
  },
  {
   "cell_type": "code",
   "execution_count": 29,
   "id": "d98519cb",
   "metadata": {},
   "outputs": [],
   "source": [
    "some_data = housing.iloc[:5]\n",
    "some_labels = housing_labels.iloc[:5]"
   ]
  },
  {
   "cell_type": "code",
   "execution_count": 30,
   "id": "21fb66a1",
   "metadata": {},
   "outputs": [],
   "source": [
    "prepared_data = my_pipeline.transform(some_data)"
   ]
  },
  {
   "cell_type": "code",
   "execution_count": 31,
   "id": "c153bcde",
   "metadata": {},
   "outputs": [
    {
     "data": {
      "text/plain": [
       "array([22.334, 25.502, 16.663, 23.403, 23.534])"
      ]
     },
     "execution_count": 31,
     "metadata": {},
     "output_type": "execute_result"
    }
   ],
   "source": [
    "model.predict(prepared_data)"
   ]
  },
  {
   "cell_type": "code",
   "execution_count": 32,
   "id": "78e8a9fb",
   "metadata": {},
   "outputs": [
    {
     "data": {
      "text/plain": [
       "[21.9, 24.5, 16.7, 23.1, 23.0]"
      ]
     },
     "execution_count": 32,
     "metadata": {},
     "output_type": "execute_result"
    }
   ],
   "source": [
    "list(some_labels)"
   ]
  },
  {
   "cell_type": "markdown",
   "id": "943058d7",
   "metadata": {},
   "source": [
    "# Evaluate the model"
   ]
  },
  {
   "cell_type": "code",
   "execution_count": 33,
   "id": "5bb65bd4",
   "metadata": {},
   "outputs": [],
   "source": [
    "from sklearn.metrics import mean_squared_error"
   ]
  },
  {
   "cell_type": "code",
   "execution_count": 34,
   "id": "c5dc482b",
   "metadata": {},
   "outputs": [],
   "source": [
    "housing_prediction = model.predict(housing_num_tr)\n",
    "mse = mean_squared_error(housing_labels,housing_prediction)\n",
    "rmse = np.sqrt(mse)"
   ]
  },
  {
   "cell_type": "code",
   "execution_count": 35,
   "id": "cbe8d96e",
   "metadata": {},
   "outputs": [
    {
     "data": {
      "text/plain": [
       "1.1652533113889731"
      ]
     },
     "execution_count": 35,
     "metadata": {},
     "output_type": "execute_result"
    }
   ],
   "source": [
    "rmse"
   ]
  },
  {
   "cell_type": "markdown",
   "id": "aa730db3",
   "metadata": {},
   "source": [
    "# Evaluation Technique - CROSS VALIDATION"
   ]
  },
  {
   "cell_type": "code",
   "execution_count": 36,
   "id": "afbedb14",
   "metadata": {},
   "outputs": [],
   "source": [
    "from sklearn.model_selection import cross_val_score"
   ]
  },
  {
   "cell_type": "code",
   "execution_count": 37,
   "id": "3ba30b90",
   "metadata": {},
   "outputs": [],
   "source": [
    "scores = cross_val_score(model, housing_num_tr, housing_labels, scoring=\"neg_mean_squared_error\", cv=10)"
   ]
  },
  {
   "cell_type": "code",
   "execution_count": 38,
   "id": "53e48885",
   "metadata": {},
   "outputs": [],
   "source": [
    "rmse_scores = np.sqrt(-scores)"
   ]
  },
  {
   "cell_type": "code",
   "execution_count": 39,
   "id": "32678b41",
   "metadata": {},
   "outputs": [
    {
     "data": {
      "text/plain": [
       "array([2.79035987, 2.82578103, 4.54289287, 2.59354102, 3.47144775,\n",
       "       2.54099208, 4.77069955, 3.32064309, 3.15063466, 3.08399464])"
      ]
     },
     "execution_count": 39,
     "metadata": {},
     "output_type": "execute_result"
    }
   ],
   "source": [
    "rmse_scores"
   ]
  },
  {
   "cell_type": "code",
   "execution_count": 40,
   "id": "63b070f6",
   "metadata": {},
   "outputs": [
    {
     "data": {
      "text/plain": [
       "3.309098656514741"
      ]
     },
     "execution_count": 40,
     "metadata": {},
     "output_type": "execute_result"
    }
   ],
   "source": [
    "rmse_scores.mean()"
   ]
  }
 ],
 "metadata": {
  "kernelspec": {
   "display_name": "Python 3 (ipykernel)",
   "language": "python",
   "name": "python3"
  },
  "language_info": {
   "codemirror_mode": {
    "name": "ipython",
    "version": 3
   },
   "file_extension": ".py",
   "mimetype": "text/x-python",
   "name": "python",
   "nbconvert_exporter": "python",
   "pygments_lexer": "ipython3",
   "version": "3.9.12"
  }
 },
 "nbformat": 4,
 "nbformat_minor": 5
}
